&sbert&infersent&universal&sim_cse&levenshtein&jacc_chars&jacc_tokens&seq_match&words&words_ratio&words_token_ratio&main_syms&main_syms_ratio&main_syms_token_ratio&ne&ne_ne_ratio&ne_token_ratio
sbert&1.0&-0.1&0.43&0.51&0.06&0.0&0.02&0.05&0.1&0.17&0.19&0.07&0.14&0.14&0.28&0.28&0.28
infersent&-0.1&1.0&0.09&-0.09&-0.54&0.38&0.44&-0.36&0.51&0.24&0.2&0.5&0.28&0.26&0.11&0.1&0.1
universal&0.43&0.09&1.0&0.36&0.08&0.05&0.15&0.08&0.19&0.24&0.26&0.16&0.23&0.23&0.38&0.38&0.38
sim_cse&0.51&-0.09&0.36&1.0&0.05&0.01&0.02&0.03&0.07&0.13&0.15&0.05&0.12&0.12&0.24&0.24&0.24
levenshtein&0.06&-0.54&0.08&0.05&1.0&-0.28&-0.23&0.74&-0.43&-0.12&-0.05&-0.42&-0.14&-0.11&-0.0&0.0&0.01
jacc_chars&0.0&0.38&0.05&0.01&-0.28&1.0&0.37&-0.14&0.37&0.29&0.25&0.31&0.22&0.21&0.09&0.09&0.08
jacc_tokens&0.02&0.44&0.15&0.02&-0.23&0.37&1.0&-0.06&0.67&0.63&0.59&0.48&0.45&0.42&0.23&0.23&0.23
seq_match&0.05&-0.36&0.08&0.03&0.74&-0.14&-0.06&1.0&-0.28&-0.04&0.02&-0.27&-0.05&-0.04&0.02&0.02&0.03
words&0.1&0.51&0.19&0.07&-0.43&0.37&0.67&-0.28&1.0&0.9&0.86&0.72&0.64&0.62&0.32&0.31&0.31
words_ratio&0.17&0.24&0.24&0.13&-0.12&0.29&0.63&-0.04&0.9&1.0&0.98&0.6&0.67&0.64&0.36&0.36&0.36
words_token_ratio&0.19&0.2&0.26&0.15&-0.05&0.25&0.59&0.02&0.86&0.98&1.0&0.57&0.66&0.64&0.36&0.36&0.36
main_syms&0.07&0.5&0.16&0.05&-0.42&0.31&0.48&-0.27&0.72&0.6&0.57&1.0&0.91&0.92&0.2&0.19&0.19
main_syms_ratio&0.14&0.28&0.23&0.12&-0.14&0.22&0.45&-0.05&0.64&0.67&0.66&0.91&1.0&0.97&0.24&0.24&0.24
main_syms_token_ratio&0.14&0.26&0.23&0.12&-0.11&0.21&0.42&-0.04&0.62&0.64&0.64&0.92&0.97&1.0&0.23&0.23&0.23
ne&0.28&0.11&0.38&0.24&-0.0&0.09&0.23&0.02&0.32&0.36&0.36&0.2&0.24&0.23&1.0&1.0&1.0
ne_ne_ratio&0.28&0.1&0.38&0.24&0.0&0.09&0.23&0.02&0.31&0.36&0.36&0.19&0.24&0.23&1.0&1.0&1.0
ne_token_ratio&0.28&0.1&0.38&0.24&0.01&0.08&0.23&0.03&0.31&0.36&0.36&0.19&0.24&0.23&1.0&1.0&1.0
